160
(
(-0.0127182 -0.0181621 -0.0106396)
(-0.0200709 -0.0198925 -0.0161405)
(-0.013959 -0.0264967 -0.0105011)
(-0.0129188 -0.0251627 -0.009921)
(-0.0150738 -0.0163461 -0.0127288)
(-0.015264 -0.0271468 -0.0114584)
(-0.0171204 -0.0272188 -0.0129111)
(-0.0183892 -0.0174931 -0.0151737)
(-0.0191527 -0.025768 -0.0146927)
(-0.0192814 -0.0245465 -0.0149776)
(-0.0192381 -0.023158 -0.0151485)
(-0.0178846 -0.0188726 -0.0146544)
(-0.0178339 -0.0174217 -0.0147651)
(-0.0178069 -0.0260543 -0.0136411)
(-0.016148 -0.0228355 -0.0128199)
(-0.0163898 -0.0202877 -0.0133342)
(-0.0163046 -0.0189314 -0.0134332)
(-0.0164243 -0.017439 -0.0136832)
(-0.0151091 -0.0245494 -0.0117803)
(-0.0150364 -0.0230819 -0.0119205)
(-0.0149401 -0.0217452 -0.0120167)
(-0.0150058 -0.0203884 -0.0122414)
(-0.0136932 -0.0259221 -0.0104294)
(-0.0135207 -0.0245551 -0.01051)
(-0.0134454 -0.0231562 -0.0106526)
(-0.0192219 -0.0189606 -0.0156359)
(-0.0189788 -0.0182419 -0.0155302)
(-0.0200688 -0.02106 -0.0160208)
(-0.0193563 -0.0216895 -0.0154255)
(-0.0199689 -0.0204157 -0.0160225)
(-0.0182828 -0.0265807 -0.0139092)
(-0.0193015 -0.0252091 -0.0148901)
(-0.0185459 -0.0260161 -0.0142012)
(-0.0178622 -0.0181472 -0.0147135)
(-0.0176334 -0.0168816 -0.0146603)
(-0.0170511 -0.0174391 -0.0141646)
(-0.0170149 -0.0167478 -0.0141969)
(-0.0176922 -0.0267133 -0.0134393)
(-0.0171642 -0.0252516 -0.0132802)
(-0.0159049 -0.016722 -0.0133446)
(-0.0150577 -0.0174767 -0.0126147)
(-0.0149739 -0.0167861 -0.0126115)
(-0.015804 -0.0267495 -0.0119771)
(-0.0155924 -0.0252846 -0.0120535)
(-0.0143395 -0.0189045 -0.0118973)
(-0.0142783 -0.0181797 -0.0119277)
(-0.014225 -0.0259853 -0.0108557)
(-0.0135737 -0.0252803 -0.0104408)
(-0.0122218 -0.0230497 -0.00966584)
(-0.0121344 -0.022412 -0.00968233)
(-0.0120518 -0.0217617 -0.0097011)
(-0.0120103 -0.020355 -0.00984371)
(-0.0126961 -0.0188629 -0.0105782)
(-0.0128796 -0.0176774 -0.0108509)
(-0.0135326 -0.0188996 -0.011254)
(-0.0134924 -0.0181873 -0.0112964)
(-0.017766 -0.0231086 -0.0140424)
(-0.0177166 -0.0224269 -0.0140931)
(-0.0176785 -0.0217474 -0.0141509)
(-0.0171602 -0.0203383 -0.0139263)
(-0.0171431 -0.019618 -0.0140012)
(-0.01636 -0.0252737 -0.0126552)
(-0.0170215 -0.023809 -0.0133741)
(-0.0155862 -0.0203119 -0.0127044)
(-0.0155659 -0.019652 -0.0127712)
(-0.015103 -0.0189547 -0.0124928)
(-0.0150872 -0.0181851 -0.0125668)
(-0.0136453 -0.0203177 -0.0111786)
(-0.0135782 -0.0196109 -0.0112101)
(-0.0134804 -0.023845 -0.010583)
(-0.0150981 -0.0237675 -0.0118787)
(-0.019227 -0.0203406 -0.015492)
(-0.0179168 -0.0245101 -0.0139652)
(-0.0186083 -0.0230916 -0.0146869)
(-0.0160765 -0.0213207 -0.0129579)
(-0.0172043 -0.0210759 -0.0138685)
(-0.018399 -0.0203483 -0.0148756)
(-0.0179176 -0.0196399 -0.0145936)
(-0.0177724 -0.0203859 -0.0143942)
(-0.0164514 -0.0260322 -0.0126057)
(-0.0163018 -0.0245661 -0.0127118)
(-0.0149854 -0.0223954 -0.0119688)
(-0.0148849 -0.0210754 -0.0120594)
(-0.0157776 -0.0162941 -0.0132829)
(-0.0156678 -0.0260185 -0.0119953)
(-0.0148615 -0.0259754 -0.0113622)
(-0.0137161 -0.0217505 -0.011055)
(-0.0142471 -0.0174687 -0.011973)
(-0.0134486 -0.0174528 -0.0113334)
(-0.0121333 -0.0190248 -0.0100984)
(-0.0185093 -0.0188836 -0.0151207)
(-0.0185024 -0.0180898 -0.015195)
(-0.0198969 -0.024378 -0.015451)
(-0.0199117 -0.0237688 -0.0155512)
(-0.019285 -0.0238163 -0.0150891)
(-0.019946 -0.0230788 -0.0156735)
(-0.0201132 -0.0223957 -0.0158862)
(-0.0193856 -0.0224267 -0.0153536)
(-0.0185496 -0.0224071 -0.0147331)
(-0.0201277 -0.0217414 -0.0159801)
(-0.0192877 -0.0210193 -0.0154571)
(-0.0184749 -0.0217172 -0.0147651)
(-0.0184294 -0.0210376 -0.0148153)
(-0.0192683 -0.0196348 -0.0155994)
(-0.0185176 -0.0196123 -0.01505)
(-0.0186178 -0.0252653 -0.0143774)
(-0.0170933 -0.0188953 -0.014048)
(-0.0170679 -0.0181659 -0.014108)
(-0.0158523 -0.0174917 -0.0132348)
(-0.016485 -0.0166696 -0.0137979)
(-0.0170476 -0.0268799 -0.0129202)
(-0.0172151 -0.0260389 -0.0131927)
(-0.0165245 -0.0268079 -0.0125299)
(-0.0157538 -0.0271953 -0.0118443)
(-0.0142326 -0.0168015 -0.0120229)
(-0.0149214 -0.0266488 -0.011294)
(-0.0122986 -0.0237702 -0.00962478)
(-0.0129887 -0.0224363 -0.0103815)
(-0.0120208 -0.0211028 -0.00976033)
(-0.0128722 -0.0210276 -0.0104694)
(-0.0120822 -0.0196414 -0.00997979)
(-0.0127755 -0.0196217 -0.0105593)
(-0.0136983 -0.0169023 -0.0115869)
(-0.0179785 -0.0252947 -0.0138934)
(-0.0186641 -0.0238494 -0.0146243)
(-0.0185581 -0.0245956 -0.0144373)
(-0.0178463 -0.0238075 -0.0140101)
(-0.0170867 -0.024537 -0.0133249)
(-0.0171091 -0.0230834 -0.0135379)
(-0.0170663 -0.0223987 -0.0135925)
(-0.0177821 -0.0210397 -0.0143208)
(-0.0170415 -0.0217938 -0.0136506)
(-0.0163393 -0.0196233 -0.0133772)
(-0.0162852 -0.0182166 -0.0134984)
(-0.0162601 -0.0239692 -0.0127609)
(-0.0156827 -0.0245483 -0.0122312)
(-0.0156767 -0.023867 -0.012319)
(-0.0144116 -0.0203623 -0.0117789)
(-0.0149727 -0.0196999 -0.0123015)
(-0.0143846 -0.0196078 -0.0118503)
(-0.0156761 -0.0189416 -0.0129431)
(-0.0156774 -0.0182749 -0.01302)
(-0.0149595 -0.025299 -0.0115514)
(-0.0143914 -0.0252553 -0.0111049)
(-0.0143408 -0.0245146 -0.0111767)
(-0.0142722 -0.0238169 -0.0112211)
(-0.0142249 -0.0231291 -0.0112767)
(-0.013562 -0.0224827 -0.0108378)
(-0.0136904 -0.0210053 -0.011129)
(-0.0129385 -0.0217107 -0.010436)
(-0.0128261 -0.020331 -0.0105175)
(-0.0127527 -0.0245201 -0.00988628)
(-0.0128465 -0.0238289 -0.010069)
(-0.0128332 -0.0231694 -0.0101547)
(-0.0141858 -0.0224451 -0.011336)
(-0.0142902 -0.0217376 -0.0115098)
(-0.0142779 -0.0210876 -0.0115831)
(-0.0193413 -0.01851 -0.0157637)
(-0.0198583 -0.0197827 -0.0160158)
(-0.0142817 -0.0265171 -0.0108024)
)
